10002003001984,10002003001984,2016-05-01 10:31:00,Opening Balance,0.00,0.00,73438.28
10002003001984,10002003001984,2016-05-01 06:58:00,House insurance,0.00,22324.45,51113.83
10002003001984,10002003001984,2016-05-01 05:22:00,electricity,0.00,25679.61,25434.22
10002003001984,10002003001984,2016-05-02 05:25:00,Life / Disability / Extended health,0.00,6751.65,18682.57
10002003001984,10002003001984,2016-05-02 05:09:00,Bank fees,0.00,9359.09,9323.48
10002003001984,10002003001984,2016-05-03 09:16:00,Debt payments for your debt repayment plan,0.00,6861.93,2461.55
10002003001984,10002003001984,2016-05-06 14:00:00,Children's lessons and activities,0.00,2265.27,196.28
10002003001984,10002003001984,2016-05-06 14:13:00,alcohol,0.00,176.84,19.44
10002003001984,10002003001984,2016-05-20 14:34:00,Clothing & shoes,0.00,7.64,11.80
